1765681924414 0.907529477019732 0
1765681924509 0.9497007845283708 1
1765681924601 0.9497007845283708 2
1765681924609 0.9497007845283708 3
1765681924616 0.9497007845283708 4
1765681924792 0.9497007845283708 5
1765681925053 0.9583368809422449 6
1765681925060 0.9663433274544385 7
1765681925067 0.9663433274544385 8
1765681925235 0.9663433274544385 9
1765681925244 0.9663433274544385 10
1765681925252 0.9663433274544385 11
1765681925260 0.9663433274544385 12
1765681925268 0.9663433274544385 13
1765681925276 0.9663433274544385 14
1765681925284 0.9663433274544385 15
1765681925292 0.9663433274544385 16
1765681925300 0.9666127430112104 17
1765681925308 0.9666127430112104 18
1765681925316 0.9666127430112104 19
