1765681924415 0.907529477019732 0
1765681924510 0.9497007845283708 1
1765681924601 0.9497007845283708 2
1765681924609 0.5208066509380967 3
1765681924616 0.9414931301138197 4
1765681924793 0.9497007845283708 5
1765681925053 0.9583368809422449 6
1765681925061 0.9663433274544385 7
1765681925068 0.9663207163207165 8
1765681925236 0.9497007845283708 9
1765681925244 0.6627197904975682 10
1765681925252 0.9580902636458193 11
1765681925261 0.9663433274544385 12
1765681925269 0.8910459605362154 13
1765681925277 0.9498479440241893 14
1765681925284 0.9580783966990865 15
1765681925293 0.8910459605362154 16
1765681925301 0.9666127430112104 17
1765681925309 0.9666127430112104 18
1765681925317 0.9579766465973364 19
