1765679921384 0.8475345062804388 0
1765679924578 0.8475345062804388 1
1765679926368 0.9051915178583934 2
1765679928121 0.9051915178583934 3
1765679929905 0.9051915178583934 4
1765679933111 0.9051915178583934 5
1765679934896 0.9051915178583934 6
1765679936679 0.906060815657291 7
1765679938322 0.9087811346248436 8
1765679940110 0.9087811346248436 9
1765679941758 0.9118030308099522 10
1765679943418 0.9118030308099522 11
1765679945037 0.9118030308099522 12
1765679947435 0.9118030308099522 13
1765679948644 0.9118030308099522 14
1765679949804 0.9118030308099522 15
1765679950939 0.9118030308099522 16
1765679953822 0.9118030308099522 17
1765679955060 0.9118030308099522 18
1765679957672 0.9118030308099522 19
