1765679921385 0.8475345062804388 0
1765679924579 0.08719949149014634 1
1765679926368 0.9051915178583934 2
1765679928122 0.9033900913272994 3
1765679929907 0.9051915178583934 4
1765679933112 0.020224719101123594 5
1765679934897 0.9051915178583934 6
1765679936679 0.906060815657291 7
1765679938322 0.9087811346248436 8
1765679940111 0.9051915178583934 9
1765679941759 0.9118030308099522 10
1765679943419 0.9118030308099522 11
1765679945038 0.9116872665534231 12
1765679947436 0.9096871555465679 13
1765679948645 0.899220597750023 14
1765679949805 0.8445324662968604 15
1765679950941 0.8996311426740995 16
1765679953822 0.9041150576281286 17
1765679955060 0.9033762759978609 18
1765679957673 0.9094216885240973 19
