1765679766220 0.8992210963719471 0
1765679766979 0.8992210963719471 1
1765679769385 0.8992210963719471 2
1765679770144 0.8992210963719471 3
1765679771363 0.9049871215182526 4
1765679772120 0.9049871215182526 5
1765679773904 0.905619266863224 6
1765679774663 0.905619266863224 7
1765679776449 0.905619266863224 8
1765679778750 0.9150847571338753 9
1765679781374 0.9150847571338753 10
1765679784036 0.9150847571338753 11
1765679786603 0.9150847571338753 12
1765679789480 0.9150847571338753 13
1765679791478 0.9150847571338753 14
1765679793370 0.9150847571338753 15
1765679796158 0.9150847571338753 16
1765679797574 0.9150847571338753 17
1765679798501 0.9150847571338753 18
1765679800807 0.9150847571338753 19
