1765679766221 0.8992210963719471 0
1765679766980 0.8932874234409706 1
1765679769386 0.8094704566616006 2
1765679770145 0.8958712191466524 3
1765679771364 0.9049871215182526 4
1765679772121 0.8932874234409706 5
1765679773905 0.905619266863224 6
1765679774664 0.8932874234409706 7
1765679776449 0.9051915178583934 8
1765679778750 0.9150847571338753 9
1765679781375 0.9128767629458713 10
1765679784037 0.9111278678251731 11
1765679786604 0.9114790879571042 12
1765679789481 0.9075797577428029 13
1765679791479 0.9129379215275623 14
1765679793371 0.9128517359188125 15
1765679796159 0.9072010135952162 16
1765679797575 0.9065164447389004 17
1765679798502 0.9056442776548255 18
1765679800808 0.8678913524529612 19
