1765682041008 0.1909643700688477 0
1765682041017 0.38052493839137863 1
1765682041025 0.9727934692092398 2
1765682041233 0.9792267014489237 3
1765682041464 0.9792267014489237 4
1765682041472 0.9928817706595484 5
1765682041709 0.9928817706595484 6
1765682041716 0.9928817706595484 7
1765682041894 0.9928817706595484 8
1765682042130 0.9928817706595484 9
1765682042139 0.9928817706595484 10
1765682042148 0.9928817706595484 11
1765682042156 0.9928817706595484 12
1765682042165 0.9928817706595484 13
1765682042174 0.9928817706595484 14
1765682042183 0.9928817706595484 15
1765682042192 0.9928817706595484 16
1765682042200 0.9928817706595484 17
1765682042210 0.9928817706595484 18
1765682042218 0.9928817706595484 19
