1765682041009 0.1909643700688477 0
1765682041018 0.38052493839137863 1
1765682041026 0.9727934692092398 2
1765682041234 0.9792267014489237 3
1765682041465 0.9792267014489237 4
1765682041473 0.9928817706595484 5
1765682041709 0.9792267014489237 6
1765682041717 0.986511764289542 7
1765682041894 0.9792267014489237 8
1765682042131 0.9792267014489237 9
1765682042140 0.9928817706595484 10
1765682042148 0.9928817706595484 11
1765682042157 0.9928817706595484 12
1765682042166 0.9928817706595484 13
1765682042175 0.9928817706595484 14
1765682042183 0.9799188076965856 15
1765682042192 0.9928817706595484 16
1765682042201 0.9864485384198646 17
1765682042210 0.9928817706595484 18
1765682042218 0.986511764289542 19
