1765682112002 0.9623143791398036 0
1765682112025 0.9623143791398036 1
1765682112037 0.9623143791398036 2
1765682112049 0.9694916475220654 3
1765682112062 0.9694916475220654 4
1765682112085 0.9694916475220654 5
1765682112097 0.9694916475220654 6
1765682112109 0.9694916475220654 7
1765682112379 0.9694916475220654 8
1765682112391 0.9694916475220654 9
1765682112837 0.9694916475220654 10
1765682112962 0.9694916475220654 11
1765682112973 0.9787894822075017 12
1765682112983 0.9787894822075017 13
1765682113435 0.9787894822075017 14
1765682113446 0.9787894822075017 15
1765682113456 0.9787894822075017 16
1765682113467 0.9787894822075017 17
1765682113587 0.9787894822075017 18
1765682113598 0.9787894822075017 19
