1765682112002 0.9623143791398036 0
1765682112025 0.49559859174477766 1
1765682112037 0.9506641981571557 2
1765682112050 0.9694916475220654 3
1765682112062 0.9601611067721532 4
1765682112086 0.38513654367312905 5
1765682112097 0.9482733266815148 6
1765682112109 0.9694916475220654 7
1765682112380 0.9527899651228972 8
1765682112392 0.948411120035629 9
1765682112838 0.9600042466698827 10
1765682112963 0.9600166592172009 11
1765682112974 0.9787894822075017 12
1765682112984 0.9716354866195479 13
1765682113436 0.9600042466698827 14
1765682113447 0.9669887875734321 15
1765682113457 0.976282530762513 16
1765682113468 0.976282530762513 17
1765682113588 0.9576282852538033 18
1765682113599 0.973969500923479 19
