1765682107191 0.9624227574271241 0
1765682107422 0.9624227574271241 1
1765682107431 0.9742063687623578 2
1765682107443 0.9742063687623578 3
1765682107803 0.9742063687623578 4
1765682108166 0.9742063687623578 5
1765682108179 0.9742063687623578 6
1765682108191 0.9742063687623578 7
1765682108548 0.9742063687623578 8
1765682108731 0.9742063687623578 9
1765682108743 0.9742063687623578 10
1765682108757 0.9742063687623578 11
1765682108771 0.9742063687623578 12
1765682108782 0.9742063687623578 13
1765682108793 0.9742063687623578 14
1765682108804 0.9742063687623578 15
1765682108815 0.9742063687623578 16
1765682108829 0.9742063687623578 17
1765682108840 0.9764906594662687 18
1765682108851 0.9764906594662687 19
