1765682107192 0.9624227574271241 0
1765682107422 0.9554124630203616 1
1765682107432 0.9742063687623578 2
1765682107444 0.9601611067721532 3
1765682107804 0.9578309737776031 4
1765682108167 0.9578309737776031 5
1765682108179 0.951122820315473 6
1765682108192 0.9694916475220654 7
1765682108549 0.9578309737776031 8
1765682108732 0.9577099177260228 9
1765682108743 0.9668371980637018 10
1765682108757 0.9694916475220654 11
1765682108772 0.9719101582793067 12
1765682108783 0.973969500923479 13
1765682108794 0.9691346527693628 14
1765682108805 0.973969500923479 15
1765682108815 0.969332849616675 16
1765682108829 0.9418306972541126 17
1765682108840 0.9764906594662687 18
1765682108851 0.9764906594662687 19
