1765678550338 0.9099841744336729 0
1765678552416 0.9099841744336729 1
1765678555000 0.9118393484326807 2
1765678557463 0.9118393484326807 3
1765678558437 0.9118393484326807 4
1765678562071 0.9118393484326807 5
1765678563300 0.9118393484326807 6
1765678565682 0.9118393484326807 7
1765678567839 0.9118393484326807 8
1765678569737 0.9118393484326807 9
1765678571760 0.9118393484326807 10
1765678573955 0.9118393484326807 11
1765678575127 0.9118393484326807 12
1765678577298 0.9118393484326807 13
1765678579572 0.9118393484326807 14
1765678581759 0.9118393484326807 15
1765678583429 0.9118393484326807 16
1765678585462 0.9118393484326807 17
1765678587705 0.9118393484326807 18
1765678590111 0.9118393484326807 19
1765678591439 0.9118393484326807 20
1765678593528 0.9118393484326807 21
1765678596161 0.9127627912838863 22
1765678598752 0.9127627912838863 23
1765678601251 0.9127627912838863 24
1765678603544 0.9127627912838863 25
1765678605846 0.9127627912838863 26
1765678608219 0.9127627912838863 27
1765678610210 0.9127627912838863 28
1765678612643 0.9127627912838863 29
1765678615168 0.9127627912838863 30
1765678617522 0.9127627912838863 31
1765678619806 0.9127627912838863 32
1765678622278 0.9127627912838863 33
1765678624708 0.9127627912838863 34
1765678627222 0.9127627912838863 35
1765678630154 0.9127627912838863 36
1765678632707 0.9127627912838863 37
1765678635310 0.9127627912838863 38
1765678638005 0.9127627912838863 39
1765678641313 0.9127627912838863 40
1765678643875 0.9127627912838863 41
1765678646436 0.9127627912838863 42
1765678649003 0.9127627912838863 43
1765678651592 0.9127627912838863 44
1765678652687 0.9127627912838863 45
1765678654887 0.9127627912838863 46
1765678657386 0.9127627912838863 47
1765678658074 0.9127627912838863 48
1765678659481 0.9127627912838863 49
1765678661729 0.9127627912838863 50
1765678664313 0.9127627912838863 51
1765678666916 0.9127627912838863 52
1765678669441 0.9127627912838863 53
1765678671794 0.9127627912838863 54
1765678674109 0.9127627912838863 55
1765678676310 0.9127627912838863 56
1765678680003 0.9127627912838863 57
1765678680827 0.9127627912838863 58
1765678682618 0.9127627912838863 59
1765678685061 0.9127627912838863 60
1765678687692 0.9127627912838863 61
1765678690236 0.9127627912838863 62
1765678692616 0.9127627912838863 63
1765678694988 0.9127627912838863 64
1765678697354 0.9127627912838863 65
1765678699441 0.9127627912838863 66
1765678701813 0.9127627912838863 67
1765678704186 0.9127627912838863 68
1765678706542 0.9127627912838863 69
1765678708758 0.9127627912838863 70
1765678711102 0.9127627912838863 71
1765678713237 0.9127627912838863 72
1765678715510 0.9127627912838863 73
1765678717573 0.9127627912838863 74
1765678719996 0.9127627912838863 75
1765678721964 0.9134088487690452 76
1765678724585 0.9134088487690452 77
1765678726560 0.9134088487690452 78
1765678728767 0.9134088487690452 79
1765678731024 0.9134088487690452 80
1765678733381 0.9134088487690452 81
1765678735812 0.9134088487690452 82
1765678738172 0.9134088487690452 83
1765678740283 0.9134088487690452 84
1765678742443 0.9134088487690452 85
1765678744743 0.9134088487690452 86
1765678746975 0.9134088487690452 87
1765678749406 0.9134088487690452 88
1765678752802 0.9134088487690452 89
1765678754624 0.9134088487690452 90
1765678756974 0.9134088487690452 91
1765678758719 0.9134088487690452 92
1765678761149 0.9134088487690452 93
1765678763465 0.9134088487690452 94
1765678765840 0.9134088487690452 95
1765678768339 0.9134088487690452 96
1765678770554 0.9134088487690452 97
1765678772840 0.9134088487690452 98
1765678774826 0.9134088487690452 99
1765678777281 0.9134088487690452 100
1765678779668 0.9134088487690452 101
1765678782062 0.9134088487690452 102
1765678784357 0.9134088487690452 103
1765678786730 0.9134088487690452 104
1765678789199 0.9134088487690452 105
1765678791846 0.9134088487690452 106
1765678795320 0.9134088487690452 107
1765678797552 0.9134088487690452 108
1765678799948 0.9134088487690452 109
1765678801439 0.9134088487690452 110
1765678803781 0.9134088487690452 111
1765678806145 0.9134088487690452 112
1765678808301 0.9134088487690452 113
1765678810736 0.9134088487690452 114
1765678813047 0.9134088487690452 115
1765678815429 0.9134088487690452 116
1765678817943 0.9134088487690452 117
1765678819165 0.9134088487690452 118
1765678821429 0.9134088487690452 119
1765678823828 0.9134088487690452 120
1765678826225 0.9134088487690452 121
1765678828673 0.9134088487690452 122
1765678831054 0.9134088487690452 123
1765678833415 0.9134088487690452 124
1765678836027 0.9134088487690452 125
1765678838511 0.9134088487690452 126
1765678841589 0.9134088487690452 127
1765678844131 0.9134088487690452 128
1765678846417 0.9134088487690452 129
1765678848788 0.9134088487690452 130
1765678851165 0.9134088487690452 131
1765678853615 0.9134088487690452 132
1765678855959 0.9134088487690452 133
1765678858169 0.9134088487690452 134
1765678860582 0.9134088487690452 135
1765678863075 0.9134088487690452 136
1765678865366 0.9134088487690452 137
1765678867471 0.9134088487690452 138
1765678869661 0.9134088487690452 139
1765678871989 0.9134088487690452 140
1765678874379 0.9134088487690452 141
1765678876761 0.9134088487690452 142
1765678879252 0.9134088487690452 143
1765678880705 0.9134088487690452 144
1765678882955 0.9134088487690452 145
1765678885459 0.9134088487690452 146
1765678887319 0.9134088487690452 147
1765678889690 0.9134088487690452 148
1765678892873 0.9134088487690452 149
1765678895274 0.9134088487690452 150
1765678897642 0.9134088487690452 151
1765678899933 0.9134088487690452 152
1765678902377 0.9134088487690452 153
1765678904750 0.9134088487690452 154
1765678906466 0.9134088487690452 155
1765678908794 0.9134088487690452 156
1765678911272 0.9134088487690452 157
1765678913852 0.9134088487690452 158
1765678916272 0.9134088487690452 159
