1765678550339 0.9099841744336729 0
1765678552417 0.9020739347979281 1
1765678555000 0.9118393484326807 2
1765678557463 0.9054962899505291 3
1765678558438 0.8934222820891634 4
1765678562072 0.9067876190504066 5
1765678563300 0.8969777528811314 6
1765678565683 0.9046091809920958 7
1765678567840 0.9033850527888873 8
1765678569737 0.909549453904425 9
1765678571761 0.8896770130887445 10
1765678573956 0.9073140450769729 11
1765678575127 0.9021105503350153 12
1765678577299 0.9100430604805833 13
1765678579573 0.9104697302148329 14
1765678581760 0.9047049798111094 15
1765678583430 0.8739382945575053 16
1765678585463 0.9082082585103768 17
1765678587706 0.9014360565405299 18
1765678590112 0.9057212405797688 19
1765678591440 0.9060584546837371 20
1765678593529 0.909029267062663 21
1765678596161 0.9127627912838863 22
1765678598753 0.9084055119649795 23
1765678601251 0.9078242177795787 24
1765678603545 0.9110272683076465 25
1765678605846 0.8973225830168156 26
1765678608220 0.9118420331569205 27
1765678610211 0.9095674775408796 28
1765678612644 0.9109229044219301 29
1765678615168 0.9108577698350206 30
1765678617523 0.9109360584698803 31
1765678619807 0.9108910194163097 32
1765678622278 0.912327449412721 33
1765678624708 0.9069034546612471 34
1765678627223 0.9122480839067433 35
1765678630155 0.9034849310587759 36
1765678632708 0.9117942535323422 37
1765678635311 0.9057803035977717 38
1765678638006 0.9092980102658452 39
1765678641314 0.9070344456054885 40
1765678643876 0.9122704503053495 41
1765678646437 0.9122480839067433 42
1765678649004 0.9122704503053495 43
1765678651592 0.9113704606000033 44
1765678652688 0.9060572138303069 45
1765678654888 0.9038496287999784 46
1765678657387 0.909951196994188 47
1765678658075 0.8992690373648147 48
1765678659482 0.9081509696355475 49
1765678661730 0.9100036247093418 50
1765678664314 0.9117942535323422 51
1765678666916 0.9108892331662313 52
1765678669442 0.910386023497027 53
1765678671795 0.9125545310523452 54
1765678674110 0.9108765432167002 55
1765678676311 0.9091171724327195 56
1765678680004 0.90668138177981 57
1765678680827 0.9021725876214407 58
1765678682619 0.9107508028324851 59
1765678685062 0.9096184842876793 60
1765678687693 0.9100596682580941 61
1765678690237 0.9108357616918816 62
1765678692616 0.9126480034875639 63
1765678694990 0.9126077523366597 64
1765678697355 0.9126077523366597 65
1765678699442 0.9099134552347671 66
1765678701814 0.9125983170497486 67
1765678704187 0.9125983170497486 68
1765678706543 0.9125512916911142 69
1765678708759 0.9086480736002743 70
1765678711103 0.9107947377210547 71
1765678713237 0.9090403367099299 72
1765678715511 0.9083106769388486 73
1765678717573 0.9103612285186128 74
1765678719996 0.9122656335491487 75
1765678721965 0.9134088487690452 76
1765678724586 0.9061414035190799 77
1765678726560 0.910409320418594 78
1765678728768 0.9075049900786859 79
1765678731025 0.9077113650834722 80
1765678733382 0.9125512916911142 81
1765678735813 0.9101111866006284 82
1765678738173 0.9125545310523452 83
1765678740284 0.9096363661302367 84
1765678742444 0.9098873474711399 85
1765678744744 0.9104366009074849 86
1765678746975 0.9096511164707666 87
1765678749407 0.9122157407851937 88
1765678752803 0.9059029502863948 89
1765678754625 0.9115449666682046 90
1765678756974 0.9125512916911142 91
1765678758720 0.9103996806411226 92
1765678761149 0.9108903162399816 93
1765678763466 0.9105134648316481 94
1765678765841 0.9125828587032693 95
1765678768340 0.909640755142117 96
1765678770555 0.9086669652014406 97
1765678772841 0.9091095105489234 98
1765678774827 0.90875382448298 99
1765678777283 0.9110829016922111 100
1765678779669 0.9126687029947158 101
1765678782063 0.9117639683144975 102
1765678784358 0.9100939395026337 103
1765678786730 0.9126077523366597 104
1765678789200 0.9095562732551464 105
1765678791847 0.9092843395453133 106
1765678795321 0.9068508395935256 107
1765678797553 0.909584793270387 108
1765678799949 0.9118924359099552 109
1765678801440 0.9083189924436228 110
1765678803782 0.9112382919814149 111
1765678806146 0.9125828587032693 112
1765678808302 0.9098873474711399 113
1765678810737 0.9109163036687266 114
1765678813048 0.9104366009074849 115
1765678815429 0.9126117150143801 116
1765678817943 0.9108444294910166 117
1765678819165 0.9082378613539074 118
1765678821430 0.9109670597198362 119
1765678823828 0.9126117150143801 120
1765678826226 0.9117886862329344 121
1765678828673 0.9096626282209151 122
1765678831055 0.9105301927337152 123
1765678833416 0.9100575046698056 124
1765678836028 0.9113862640770852 125
1765678838512 0.9095562732551464 126
1765678841590 0.9070361067143554 127
1765678844132 0.9104581102228718 128
1765678846418 0.9105622101929187 129
1765678848789 0.9125828587032693 130
1765678851165 0.9125828587032693 131
1765678853616 0.9100956355638331 132
1765678855959 0.9121666913367129 133
1765678858170 0.9086669652014406 134
1765678860583 0.9118103447344188 135
1765678863076 0.909640755142117 136
1765678865367 0.9100368045577453 137
1765678867472 0.9099610825100344 138
1765678869662 0.9094253625131019 139
1765678871990 0.9108888567217855 140
1765678874380 0.9126480034875639 141
1765678876762 0.9126480034875639 142
1765678879253 0.9100956355638331 143
1765678880706 0.848749483401709 144
1765678882956 0.9104607388271132 145
1765678885460 0.909951196994188 146
1765678887320 0.9107819132793802 147
1765678889691 0.9125828587032693 148
1765678892874 0.9062438686770119 149
1765678895275 0.9117639683144975 150
1765678897645 0.9125828587032693 151
1765678899934 0.9091095105489234 152
1765678902378 0.9109163036687266 153
1765678904751 0.9125828587032693 154
1765678906466 0.9099955468131281 155
1765678908795 0.9100575046698056 156
1765678911273 0.9096316715510092 157
1765678913853 0.9122704503053495 158
1765678916273 0.9108725416733394 159
