1765679600721 0.8973796477264079 0
1765679603755 0.8973796477264079 1
1765679604528 0.899238785471601 2
1765679606800 0.899238785471601 3
1765679608885 0.9021840145183425 4
1765679610671 0.9051915178583934 5
1765679613544 0.9051915178583934 6
1765679614304 0.9051915178583934 7
1765679615888 0.9051915178583934 8
1765679618651 0.9093465551929417 9
1765679619458 0.9093465551929417 10
1765679621247 0.9093465551929417 11
1765679623005 0.9093465551929417 12
1765679626479 0.9093465551929417 13
1765679628138 0.9093465551929417 14
1765679629886 0.9093465551929417 15
1765679632501 0.9093465551929417 16
1765679634289 0.9093465551929417 17
1765679636479 0.9093465551929417 18
1765679638446 0.9093465551929417 19
