1765679600722 0.8973796477264079 0
1765679603757 0.5799629296046409 1
1765679604528 0.899238785471601 2
1765679606802 0.8992341316363811 3
1765679608886 0.9021840145183425 4
1765679610672 0.9051915178583934 5
1765679613545 0.90421135125507 6
1765679614305 0.8932874234409706 7
1765679615889 0.9012561355356882 8
1765679618652 0.9093465551929417 9
1765679619459 0.8335010326402851 10
1765679621249 0.9051915178583934 11
1765679623008 0.9033372248235305 12
1765679626479 0.90209715704906 13
1765679628139 0.8986053996409337 14
1765679629886 0.8995420222163867 15
1765679632502 0.9023062447959437 16
1765679634291 0.9051915178583934 17
1765679636481 0.836987977632885 18
1765679638447 0.8987061197130609 19
