1765682044463 0.9792267014489237 0
1765682044603 0.9792267014489237 1
1765682044611 0.9799116985496914 2
1765682044961 0.9799116985496914 3
1765682045065 0.9799116985496914 4
1765682045073 0.986511764289542 5
1765682045080 0.986511764289542 6
1765682045302 0.986511764289542 7
1765682045311 0.986511764289542 8
1765682045530 0.986511764289542 9
1765682045539 0.986511764289542 10
1765682045546 0.986511764289542 11
1765682045555 0.986511764289542 12
1765682045564 0.986511764289542 13
1765682045573 0.9928817706595484 14
1765682045583 0.9928817706595484 15
1765682045593 0.9928817706595484 16
1765682045602 0.9928817706595484 17
1765682045613 0.9928817706595484 18
1765682045622 0.9928817706595484 19
