1765682044464 0.9792267014489237 0
1765682044604 0.9727934692092398 1
1765682044612 0.9799116985496914 2
1765682044962 0.9792267014489237 3
1765682045066 0.965350074397424 4
1765682045074 0.986511764289542 5
1765682045081 0.986511764289542 6
1765682045303 0.9792267014489237 7
1765682045312 0.1909643700688477 8
1765682045531 0.9792267014489237 9
1765682045539 0.986511764289542 10
1765682045547 0.986511764289542 11
1765682045556 0.986511764289542 12
1765682045564 0.986511764289542 13
1765682045574 0.9928817706595484 14
1765682045583 0.9928817706595484 15
1765682045593 0.9928817706595484 16
1765682045603 0.9928817706595484 17
1765682045614 0.6047226612305977 18
1765682045623 0.9928817706595484 19
