1765682042431 0.9792267014489237 0
1765682042440 0.9792267014489237 1
1765682042636 0.9792267014489237 2
1765682042644 0.9792267014489237 3
1765682042752 0.9792267014489237 4
1765682042760 0.9792267014489237 5
1765682042768 0.986511764289542 6
1765682042775 0.9928817706595484 7
1765682042783 0.9928817706595484 8
1765682042791 0.9928817706595484 9
1765682043096 0.9928817706595484 10
1765682043105 0.9928817706595484 11
1765682043113 0.9928817706595484 12
1765682043121 0.9928817706595484 13
1765682043129 0.9928817706595484 14
1765682043139 0.9928817706595484 15
1765682043147 0.9928817706595484 16
1765682043156 0.9928817706595484 17
1765682043244 0.9928817706595484 18
1765682043253 0.9928817706595484 19
