1765682042432 0.9792267014489237 0
1765682042440 0.1909643700688477 1
1765682042637 0.9717792540014761 2
1765682042645 0.7425766870079729 3
1765682042753 0.9722355833466945 4
1765682042761 0.9726420752736541 5
1765682042768 0.986511764289542 6
1765682042776 0.9928817706595484 7
1765682042784 0.9726420752736541 8
1765682042792 0.9864485384198646 9
1765682043097 0.9717792540014761 10
1765682043105 0.986511764289542 11
1765682043113 0.986511764289542 12
1765682043122 0.986511764289542 13
1765682043130 0.986511764289542 14
1765682043139 0.1909643700688477 15
1765682043147 0.986511764289542 16
1765682043157 0.1909643700688477 17
1765682043245 0.9861825461825461 18
1765682043253 0.9928817706595484 19
