1765682100676 0.9599663220957346 0
1765682100699 0.9599663220957346 1
1765682100990 0.9646886254787882 2
1765682101002 0.9646886254787882 3
1765682101161 0.9646886254787882 4
1765682101177 0.9646886254787882 5
1765682101186 0.976282530762513 6
1765682101198 0.976282530762513 7
1765682101215 0.976282530762513 8
1765682101229 0.976282530762513 9
1765682101672 0.976282530762513 10
1765682101684 0.976282530762513 11
1765682101695 0.9764906594662687 12
1765682101706 0.9764906594662687 13
1765682101717 0.9764906594662687 14
1765682101729 0.9764906594662687 15
1765682101742 0.9764906594662687 16
1765682101753 0.9764906594662687 17
1765682101878 0.9764906594662687 18
1765682101891 0.9764906594662687 19
