1765682100676 0.9599663220957346 0
1765682100699 0.9162075488209306 1
1765682100991 0.9646886254787882 2
1765682101003 0.9418306972541126 3
1765682101161 0.9575732182402547 4
1765682101177 0.9501327749606201 5
1765682101187 0.976282530762513 6
1765682101199 0.9506641981571557 7
1765682101215 0.9380325770450201 8
1765682101229 0.9719101582793067 9
1765682101673 0.9623328148180361 10
1765682101685 0.9674631941894978 11
1765682101696 0.9764906594662687 12
1765682101707 0.9764906594662687 13
1765682101718 0.9764906594662687 14
1765682101729 0.9764906594662687 15
1765682101743 0.951122820315473 16
1765682101754 0.9741111196344022 17
1765682101879 0.9555797002830775 18
1765682101891 0.9557418283237445 19
