1765679727026 0.9082145356781709 0
1765679728212 0.9082145356781709 1
1765679729001 0.9082145356781709 2
1765679731606 0.9082145356781709 3
1765679732752 0.9082145356781709 4
1765679733511 0.9082145356781709 5
1765679734268 0.9082145356781709 6
1765679736929 0.9082145356781709 7
1765679740126 0.9082145356781709 8
1765679741928 0.9082145356781709 9
1765679744456 0.9094584870452067 10
1765679747091 0.9094584870452067 11
1765679749402 0.9097878136411799 12
1765679751557 0.9098465177422481 13
1765679753676 0.9098465177422481 14
1765679755194 0.9098465177422481 15
1765679757373 0.9098465177422481 16
1765679759118 0.9110578683296774 17
1765679760904 0.9110578683296774 18
1765679763220 0.9110578683296774 19
