1765679727028 0.9082145356781709 0
1765679728213 0.8987449166884173 1
1765679729002 0.9043611854935047 2
1765679731607 0.9068343478990771 3
1765679732752 0.8986968686976082 4
1765679733512 0.8932874234409706 5
1765679734270 0.8932874234409706 6
1765679736930 0.9055198749729628 7
1765679740127 0.08993499092831803 8
1765679741929 0.9039750953494261 9
1765679744457 0.9094584870452067 10
1765679747091 0.908638370002576 11
1765679749403 0.9097878136411799 12
1765679751558 0.9098465177422481 13
1765679753677 0.9085736986839105 14
1765679755195 0.8708513489497959 15
1765679757374 0.9098465177422481 16
1765679759118 0.9110578683296774 17
1765679760905 0.9051915178583934 18
1765679763221 0.9068323906320671 19
