1765679805329 0.8707041651195083 0
1765679807187 0.9112709595436056 1
1765679807945 0.9112709595436056 2
1765679809740 0.9112709595436056 3
1765679812730 0.9112709595436056 4
1765679815659 0.9117514356750066 5
1765679816416 0.9117514356750066 6
1765679818197 0.9117514356750066 7
1765679820639 0.9117514356750066 8
1765679822092 0.9117514356750066 9
1765679824696 0.9117514356750066 10
1765679826519 0.9142035480942079 11
1765679828152 0.9142035480942079 12
1765679829168 0.9142035480942079 13
1765679831526 0.9142035480942079 14
1765679833109 0.9142035480942079 15
1765679834804 0.9142035480942079 16
1765679837274 0.9142035480942079 17
1765679838225 0.9142035480942079 18
1765679839074 0.9142035480942079 19
