1765679805330 0.8707041651195083 0
1765679807187 0.9112709595436056 1
1765679807946 0.8932874234409706 2
1765679809741 0.9051915178583934 3
1765679812731 0.9109257981279818 4
1765679815660 0.9117514356750066 5
1765679816417 0.8932874234409706 6
1765679818198 0.9060956404392071 7
1765679820640 0.8899667920607911 8
1765679822094 0.909863886123729 9
1765679824697 0.9062433439027525 10
1765679826519 0.9142035480942079 11
1765679828153 0.9078771870746397 12
1765679829169 0.9086345062773074 13
1765679831527 0.91183956334851 14
1765679833109 0.9092024063792487 15
1765679834805 0.9102382047946177 16
1765679837275 0.9113291718192554 17
1765679838226 0.9058309080693075 18
1765679839075 0.9028464611795085 19
