1765682043274 0.1909643700688477 0
1765682043401 0.9792267014489237 1
1765682043408 0.9792267014489237 2
1765682043416 0.9792267014489237 3
1765682043530 0.9792267014489237 4
1765682043537 0.986511764289542 5
1765682043705 0.986511764289542 6
1765682043882 0.986511764289542 7
1765682043889 0.986511764289542 8
1765682044016 0.986511764289542 9
1765682044025 0.9928817706595484 10
1765682044033 0.9928817706595484 11
1765682044042 0.9928817706595484 12
1765682044050 0.9928817706595484 13
1765682044059 0.9928817706595484 14
1765682044067 0.9928817706595484 15
1765682044076 0.9928817706595484 16
1765682044085 0.9928817706595484 17
1765682044093 0.9928817706595484 18
1765682044103 0.9928817706595484 19
