1765682043275 0.1909643700688477 0
1765682043402 0.9792267014489237 1
1765682043409 0.9653003839383767 2
1765682043416 0.9588936361523186 3
1765682043530 0.9650268663624731 4
1765682043538 0.986511764289542 5
1765682043706 0.9792267014489237 6
1765682043883 0.9792267014489237 7
1765682043890 0.986511764289542 8
1765682044017 0.9792267014489237 9
1765682044026 0.9928817706595484 10
1765682044034 0.9928817706595484 11
1765682044042 0.9928817706595484 12
1765682044051 0.9928817706595484 13
1765682044059 0.9928817706595484 14
1765682044068 0.9928817706595484 15
1765682044076 0.9928817706595484 16
1765682044085 0.9726420752736541 17
1765682044094 0.9928817706595484 18
1765682044104 0.9864485384198646 19
