1765681916292 0.5175939262146159 0
1765681916300 0.7100547071135307 1
1765681916307 0.8901555787762684 2
1765681916507 0.9497007845283708 3
1765681916733 0.9497007845283708 4
1765681916741 0.9497007845283708 5
1765681916967 0.9497007845283708 6
1765681916975 0.9497007845283708 7
1765681917144 0.9497007845283708 8
1765681917367 0.9497007845283708 9
1765681917474 0.9583368809422449 10
1765681917580 0.9583368809422449 11
1765681917663 0.9583368809422449 12
1765681917760 0.9583368809422449 13
1765681917897 0.9583368809422449 14
1765681918033 0.9583368809422449 15
1765681918318 0.9583368809422449 16
1765681918446 0.9583368809422449 17
1765681918567 0.9583368809422449 18
1765681918732 0.9583368809422449 19
