1765681916292 0.5175939262146159 0
1765681916300 0.7100547071135307 1
1765681916308 0.8901555787762684 2
1765681916508 0.9497007845283708 3
1765681916734 0.9497007845283708 4
1765681916741 0.9414931301138197 5
1765681916968 0.9497007845283708 6
1765681916975 0.9241191510974899 7
1765681917145 0.9497007845283708 8
1765681917368 0.9497007845283708 9
1765681917474 0.9583368809422449 10
1765681917580 0.9583368809422449 11
1765681917664 0.9583368809422449 12
1765681917761 0.9497007845283708 13
1765681917898 0.9497007845283708 14
1765681918034 0.9583368809422449 15
1765681918319 0.9497007845283708 16
1765681918447 0.9497007845283708 17
1765681918568 0.9497007845283708 18
1765681918732 0.9497007845283708 19
