1765682049181 0.986511764289542 0
1765682049189 0.986511764289542 1
1765682049439 0.986511764289542 2
1765682049447 0.986511764289542 3
1765682049602 0.986511764289542 4
1765682049911 0.986511764289542 5
1765682049919 0.986511764289542 6
1765682050015 0.986511764289542 7
1765682050022 0.986511764289542 8
1765682050248 0.986511764289542 9
1765682050257 0.9928817706595484 10
1765682050265 0.9928817706595484 11
1765682050274 0.9928817706595484 12
1765682050284 0.9928817706595484 13
1765682050293 0.9928817706595484 14
1765682050303 0.9928817706595484 15
1765682050312 0.9928817706595484 16
1765682050320 0.9928817706595484 17
1765682050329 0.9928817706595484 18
1765682050338 0.9928817706595484 19
