1765682049182 0.986511764289542 0
1765682049189 0.986511764289542 1
1765682049440 0.9727934692092398 2
1765682049447 0.9726394690552396 3
1765682049602 0.9727067870858721 4
1765682049912 0.9727067870858721 5
1765682049920 0.9653003839383767 6
1765682050016 0.9792267014489237 7
1765682050023 0.986511764289542 8
1765682050249 0.9792267014489237 9
1765682050258 0.9928817706595484 10
1765682050266 0.9928817706595484 11
1765682050276 0.9928817706595484 12
1765682050285 0.9928817706595484 13
1765682050294 0.9928817706595484 14
1765682050304 0.1909643700688477 15
1765682050312 0.9928817706595484 16
1765682050321 0.9928817706595484 17
1765682050330 0.9864485384198646 18
1765682050339 0.9928817706595484 19
