1765681915000 0.9747736625514403 0
1765681915276 0.9747736625514403 1
1765681915283 0.9747736625514403 2
1765681915290 0.9747736625514403 3
1765681915532 0.9747736625514403 4
1765681915696 0.9747736625514403 5
1765681915906 0.9747736625514403 6
1765681916076 0.9747736625514403 7
1765681916181 0.9747736625514403 8
1765681916188 0.9747736625514403 9
1765681916197 0.9747736625514403 10
1765681916205 0.9747736625514403 11
1765681916213 0.9747736625514403 12
1765681916221 0.9747736625514403 13
1765681916230 0.9747736625514403 14
1765681916238 0.9747736625514403 15
1765681916246 0.9747736625514403 16
1765681916254 0.9747736625514403 17
1765681916263 0.9747736625514403 18
1765681916271 0.9747736625514403 19
