1765681915001 0.9747736625514403 0
1765681915277 0.9497007845283708 1
1765681915284 0.9583368809422449 2
1765681915291 0.9666127430112104 3
1765681915533 0.9497007845283708 4
1765681915697 0.9497007845283708 5
1765681915906 0.9497007845283708 6
1765681916077 0.9583368809422449 7
1765681916182 0.9583368809422449 8
1765681916189 0.5175939262146159 9
1765681916197 0.9663207163207165 10
1765681916206 0.9583822903363132 11
1765681916214 0.9579766465973364 12
1765681916222 0.9747736625514403 13
1765681916230 0.9663207163207165 14
1765681916238 0.9747736625514403 15
1765681916247 0.8901555787762684 16
1765681916255 0.9580783966990865 17
1765681916263 0.9663207163207165 18
1765681916272 0.8899403956907465 19
