1765681925336 0.9498311338158082 0
1765681925343 0.9580902636458193 1
1765681925590 0.9580902636458193 2
1765681925598 0.9580902636458193 3
1765681925745 0.9580902636458193 4
1765681926062 0.9580902636458193 5
1765681926070 0.9580902636458193 6
1765681926163 0.9580902636458193 7
1765681926170 0.9580902636458193 8
1765681926386 0.9580902636458193 9
1765681926395 0.9666127430112104 10
1765681926403 0.9666127430112104 11
1765681926412 0.9666127430112104 12
1765681926420 0.9666127430112104 13
1765681926428 0.9666127430112104 14
1765681926436 0.9666127430112104 15
1765681926444 0.9666127430112104 16
1765681926452 0.9666127430112104 17
1765681926461 0.9666127430112104 18
1765681926469 0.9666127430112104 19
