1765681925337 0.9498311338158082 0
1765681925344 0.9580902636458193 1
1765681925591 0.9497007845283708 2
1765681925598 0.9237068045029656 3
1765681925746 0.9497007845283708 4
1765681926063 0.9497007845283708 5
1765681926071 0.907529477019732 6
1765681926163 0.9497007845283708 7
1765681926171 0.9241191510974899 8
1765681926387 0.9497007845283708 9
1765681926395 0.9666127430112104 10
1765681926403 0.9579766465973364 11
1765681926412 0.5208066509380967 12
1765681926420 0.9666127430112104 13
1765681926428 0.9579766465973364 14
1765681926436 0.9579766465973364 15
1765681926445 0.9498371998371998 16
1765681926453 0.9666127430112104 17
1765681926462 0.5208066509380967 18
1765681926470 0.9498371998371998 19
