1765682050360 0.9799188076965856 0
1765682050369 0.9799188076965856 1
1765682050377 0.9928817706595484 2
1765682050384 0.9928817706595484 3
1765682050392 0.9928817706595484 4
1765682050401 0.9928817706595484 5
1765682050409 0.9928817706595484 6
1765682050417 0.9928817706595484 7
1765682050608 0.9928817706595484 8
1765682050616 0.9928817706595484 9
1765682050926 0.9928817706595484 10
1765682051022 0.9928817706595484 11
1765682051031 0.9928817706595484 12
1765682051040 0.9928817706595484 13
1765682051364 0.9928817706595484 14
1765682051372 0.9928817706595484 15
1765682051381 0.9928817706595484 16
1765682051390 0.9928817706595484 17
1765682051508 0.9928817706595484 18
1765682051520 0.9928817706595484 19
