1765682050361 0.9799188076965856 0
1765682050369 0.1909643700688477 1
1765682050377 0.9928817706595484 2
1765682050385 0.9928817706595484 3
1765682050393 0.9928817706595484 4
1765682050402 0.1909643700688477 5
1765682050410 0.9928817706595484 6
1765682050418 0.9928817706595484 7
1765682050609 0.9597376071337699 8
1765682050617 0.9928817706595484 9
1765682050926 0.9792267014489237 10
1765682051023 0.9792267014489237 11
1765682051032 0.986511764289542 12
1765682051040 0.9793935349490904 13
1765682051364 0.9792267014489237 14
1765682051373 0.986511764289542 15
1765682051382 0.5670950859839748 16
1765682051390 0.9928817706595484 17
1765682051509 0.9792267014489237 18
1765682051521 0.986511764289542 19
