1765681920840 0.9497007845283708 0
1765681920974 0.9497007845283708 1
1765681920982 0.9497007845283708 2
1765681921305 0.9497007845283708 3
1765681921409 0.9497007845283708 4
1765681921418 0.9497007845283708 5
1765681921425 0.9497461939224392 6
1765681921640 0.9497461939224392 7
1765681921648 0.9497461939224392 8
1765681921864 0.9497461939224392 9
1765681921873 0.9497461939224392 10
1765681921882 0.9498371998371998 11
1765681921890 0.9498371998371998 12
1765681921899 0.9498371998371998 13
1765681921907 0.9498371998371998 14
1765681921915 0.9579766465973364 15
1765681921924 0.9583822903363132 16
1765681921932 0.9583822903363132 17
1765681921940 0.9666127430112104 18
1765681921948 0.9666127430112104 19
