1765681920841 0.9497007845283708 0
1765681920975 0.9497007845283708 1
1765681920983 0.7132287790182527 2
1765681921306 0.9497007845283708 3
1765681921410 0.9497007845283708 4
1765681921419 0.9154830546836158 5
1765681921426 0.9497461939224392 6
1765681921641 0.9497007845283708 7
1765681921649 0.5208066509380967 8
1765681921865 0.9497007845283708 9
1765681921874 0.9412629487725273 10
1765681921882 0.9498371998371998 11
1765681921891 0.9498371998371998 12
1765681921899 0.9498371998371998 13
1765681921908 0.9498371998371998 14
1765681921916 0.9579766465973364 15
1765681921924 0.9583822903363132 16
1765681921933 0.9414931301138197 17
1765681921941 0.9666127430112104 18
1765681921949 0.9666127430112104 19
