1765682108884 0.9380325770450201 0
1765682109027 0.9623178546714496 1
1765682109162 0.9623178546714496 2
1765682109186 0.9623178546714496 3
1765682109198 0.9623178546714496 4
1765682109464 0.9623178546714496 5
1765682109866 0.9623178546714496 6
1765682109876 0.973969500923479 7
1765682109885 0.973969500923479 8
1765682110138 0.973969500923479 9
1765682110151 0.973969500923479 10
1765682110161 0.973969500923479 11
1765682110172 0.973969500923479 12
1765682110184 0.973969500923479 13
1765682110195 0.973969500923479 14
1765682110206 0.9764906594662687 15
1765682110217 0.9764906594662687 16
1765682110228 0.9764906594662687 17
1765682110239 0.9764906594662687 18
1765682110253 0.9764906594662687 19
