1765682108884 0.9380325770450201 0
1765682109028 0.9623178546714496 1
1765682109163 0.9527932274561989 2
1765682109187 0.38513654367312905 3
1765682109199 0.9578337657545674 4
1765682109465 0.9505622827433701 5
1765682109867 0.9623109259119399 6
1765682109877 0.973969500923479 7
1765682109886 0.9739557467086883 8
1765682110139 0.9505622827433701 9
1765682110151 0.9493130875603102 10
1765682110162 0.9692434451213868 11
1765682110173 0.973969500923479 12
1765682110184 0.9691346527693628 13
1765682110196 0.9650893782172499 14
1765682110207 0.9764906594662687 15
1765682110218 0.9764906594662687 16
1765682110229 0.9764906594662687 17
1765682110239 0.9764906594662687 18
1765682110254 0.9694916475220654 19
