1765679642639 0.9088696183768383 0
1765679645807 0.9088696183768383 1
1765679648084 0.9088696183768383 2
1765679648964 0.9088696183768383 3
1765679649914 0.9088696183768383 4
1765679652161 0.9088696183768383 5
1765679652917 0.9088696183768383 6
1765679654704 0.9088696183768383 7
1765679657210 0.9088696183768383 8
1765679659103 0.9088696183768383 9
1765679661748 0.9101118413802328 10
1765679664438 0.9101118413802328 11
1765679667129 0.9101118413802328 12
1765679669739 0.9101118413802328 13
1765679672016 0.9101118413802328 14
1765679675030 0.9101118413802328 15
1765679677278 0.9101118413802328 16
1765679678268 0.9101118413802328 17
1765679681597 0.9101118413802328 18
1765679682986 0.9101118413802328 19
