1765679642640 0.9088696183768383 0
1765679645808 0.3521222320274809 1
1765679648085 0.9017548152050129 2
1765679648965 0.90611587045177 3
1765679649915 0.9066267266653963 4
1765679652162 0.831544599016699 5
1765679652917 0.8932874234409706 6
1765679654705 0.9051915178583934 7
1765679657212 0.7976097201440625 8
1765679659105 0.8686674956870569 9
1765679661749 0.9101118413802328 10
1765679664439 0.909683305854168 11
1765679667130 0.909683305854168 12
1765679669739 0.9101118413802328 13
1765679672016 0.9096915484724929 14
1765679675031 0.9091947506939331 15
1765679677279 0.9096915484724929 16
1765679678269 0.9067614591657165 17
1765679681597 0.9099950977425625 18
1765679682987 0.9069734564624996 19
