1765681921969 0.8901555787762684 0
1765681921976 0.9497461939224392 1
1765681921984 0.9497461939224392 2
1765681921991 0.9497461939224392 3
1765681922129 0.9497461939224392 4
1765681922137 0.9497461939224392 5
1765681922144 0.9666127430112104 6
1765681922151 0.9666127430112104 7
1765681922158 0.9666127430112104 8
1765681922409 0.9666127430112104 9
1765681922493 0.9666127430112104 10
1765681922501 0.9666127430112104 11
1765681922509 0.9666127430112104 12
1765681922517 0.9666127430112104 13
1765681922809 0.9666127430112104 14
1765681922817 0.9666127430112104 15
1765681922825 0.9747736625514403 16
1765681922833 0.9747736625514403 17
1765681923032 0.9747736625514403 18
1765681923040 0.9747736625514403 19
