1765681921970 0.8901555787762684 0
1765681921977 0.9497461939224392 1
1765681921984 0.907529477019732 2
1765681921992 0.9072458991531714 3
1765681922130 0.9497007845283708 4
1765681922137 0.9154830546836158 5
1765681922144 0.9666127430112104 6
1765681922152 0.9666127430112104 7
1765681922159 0.9583368809422449 8
1765681922410 0.9497007845283708 9
1765681922493 0.9583368809422449 10
1765681922501 0.9579766465973364 11
1765681922509 0.9579766465973364 12
1765681922518 0.5208066509380967 13
1765681922810 0.9583368809422449 14
1765681922818 0.9580783966990865 15
1765681922826 0.9747736625514403 16
1765681922834 0.9583822903363132 17
1765681923033 0.9497007845283708 18
1765681923041 0.9579766465973364 19
