1765682110281 0.951122820315473 0
1765682110290 0.976282530762513 1
1765682110653 0.976282530762513 2
1765682110663 0.976282530762513 3
1765682110889 0.976282530762513 4
1765682111339 0.976282530762513 5
1765682111349 0.976282530762513 6
1765682111484 0.976282530762513 7
1765682111498 0.976282530762513 8
1765682111828 0.976282530762513 9
1765682111842 0.976282530762513 10
1765682111856 0.976282530762513 11
1765682111867 0.976282530762513 12
1765682111891 0.976282530762513 13
1765682111902 0.976282530762513 14
1765682111912 0.976282530762513 15
1765682111925 0.976282530762513 16
1765682111936 0.976282530762513 17
1765682111946 0.976282530762513 18
1765682111970 0.976282530762513 19
