1765682110282 0.951122820315473 0
1765682110291 0.976282530762513 1
1765682110654 0.9576330320039284 2
1765682110663 0.973969500923479 3
1765682110890 0.9624400364457788 4
1765682111339 0.9623663133097392 5
1765682111349 0.9715771886326064 6
1765682111485 0.9529519389190867 7
1765682111498 0.951122820315473 8
1765682111829 0.9647530662848128 9
1765682111843 0.9694916475220654 10
1765682111857 0.9367843459813462 11
1765682111868 0.973969500923479 12
1765682111892 0.38513654367312905 13
1765682111902 0.9740347583678154 14
1765682111913 0.9741111196344022 15
1765682111926 0.9694916475220654 16
1765682111936 0.9762101017596715 17
1765682111947 0.9716427168696543 18
1765682111971 0.38513654367312905 19
