1765682098502 0.9213996863091167 0
1765682098523 0.9353746602594747 1
1765682098533 0.9668371980637018 2
1765682098843 0.9668371980637018 3
1765682099210 0.9668371980637018 4
1765682099223 0.9668371980637018 5
1765682099593 0.9668371980637018 6
1765682099607 0.9668371980637018 7
1765682099883 0.9668371980637018 8
1765682100239 0.9668371980637018 9
1765682100250 0.9668371980637018 10
1765682100262 0.9668371980637018 11
1765682100274 0.9668371980637018 12
1765682100285 0.9668869705308256 13
1765682100295 0.9692137545846503 14
1765682100306 0.9741111196344022 15
1765682100319 0.9741111196344022 16
1765682100333 0.9741111196344022 17
1765682100347 0.9741111196344022 18
1765682100364 0.9741111196344022 19
