1765682098503 0.9213996863091167 0
1765682098523 0.9353746602594747 1
1765682098534 0.9668371980637018 2
1765682098844 0.9600042466698827 3
1765682099211 0.9623851545373211 4
1765682099223 0.9624762661395341 5
1765682099594 0.9600042466698827 6
1765682099608 0.951122820315473 7
1765682099884 0.9623851545373211 8
1765682100239 0.9600042466698827 9
1765682100251 0.9668371980637018 10
1765682100262 0.9668371980637018 11
1765682100275 0.9468387507471064 12
1765682100285 0.9668869705308256 13
1765682100296 0.9692137545846503 14
1765682100306 0.9741111196344022 15
1765682100320 0.9694916475220654 16
1765682100334 0.9694916475220654 17
1765682100347 0.9694916475220654 18
1765682100364 0.947670644757118 19
