1765681923310 0.9497007845283708 0
1765681923459 0.9497007845283708 1
1765681923467 0.9666127430112104 2
1765681923474 0.9666127430112104 3
1765681923701 0.9666127430112104 4
1765681923930 0.9666127430112104 5
1765681923938 0.9666127430112104 6
1765681923945 0.9666127430112104 7
1765681924180 0.9666127430112104 8
1765681924305 0.9666127430112104 9
1765681924315 0.9666127430112104 10
1765681924323 0.9666127430112104 11
1765681924331 0.9666127430112104 12
1765681924340 0.9666127430112104 13
1765681924348 0.9747736625514403 14
1765681924358 0.9747736625514403 15
1765681924367 0.9747736625514403 16
1765681924376 0.9747736625514403 17
1765681924384 0.9747736625514403 18
1765681924393 0.9747736625514403 19
