1765681923311 0.9497007845283708 0
1765681923460 0.9497007845283708 1
1765681923467 0.9666127430112104 2
1765681923474 0.9583822903363132 3
1765681923702 0.9497007845283708 4
1765681923931 0.9497007845283708 5
1765681923938 0.9154830546836158 6
1765681923945 0.9579766465973364 7
1765681924180 0.9497007845283708 8
1765681924306 0.9497007845283708 9
1765681924315 0.8901555787762684 10
1765681924324 0.9579766465973364 11
1765681924332 0.9583822903363132 12
1765681924340 0.9580902636458193 13
1765681924349 0.9747736625514403 14
1765681924359 0.9580902636458193 15
1765681924368 0.9666127430112104 16
1765681924377 0.898216070633088 17
1765681924385 0.9498479440241893 18
1765681924394 0.5175939262146159 19
