1765681926490 0.9498371998371998 0
1765681926498 0.9498371998371998 1
1765681926505 0.9580783966990865 2
1765681926513 0.9580783966990865 3
1765681926520 0.9583822903363132 4
1765681926528 0.9583822903363132 5
1765681926535 0.9583822903363132 6
1765681926542 0.9666127430112104 7
1765681926724 0.9666127430112104 8
1765681926732 0.9666127430112104 9
1765681927020 0.9666127430112104 10
1765681927108 0.9666127430112104 11
1765681927116 0.9666127430112104 12
1765681927124 0.9666127430112104 13
1765681927421 0.9666127430112104 14
1765681927430 0.9666127430112104 15
1765681927438 0.9666127430112104 16
1765681927446 0.9666127430112104 17
1765681927531 0.9666127430112104 18
1765681927539 0.9747736625514403 19
