1765681926491 0.9498371998371998 0
1765681926499 0.5208066509380967 1
1765681926506 0.9580783966990865 2
1765681926513 0.9579766465973364 3
1765681926521 0.9583822903363132 4
1765681926528 0.5208066509380967 5
1765681926536 0.9494934014474244 6
1765681926543 0.9666127430112104 7
1765681926725 0.9497007845283708 8
1765681926732 0.9583368809422449 9
1765681927021 0.9497007845283708 10
1765681927108 0.9497007845283708 11
1765681927117 0.9498479440241893 12
1765681927125 0.9580783966990865 13
1765681927422 0.9497007845283708 14
1765681927430 0.9580783966990865 15
1765681927439 0.9414931301138197 16
1765681927447 0.9666127430112104 17
1765681927532 0.9497007845283708 18
1765681927540 0.9747736625514403 19
