1765682045644 0.9727934692092398 0
1765682045651 0.986511764289542 1
1765682045660 0.986511764289542 2
1765682045667 0.986511764289542 3
1765682045808 0.986511764289542 4
1765682045817 0.986511764289542 5
1765682045825 0.9928817706595484 6
1765682045832 0.9928817706595484 7
1765682045840 0.9928817706595484 8
1765682046102 0.9928817706595484 9
1765682046190 0.9928817706595484 10
1765682046199 0.9928817706595484 11
1765682046207 0.9928817706595484 12
1765682046216 0.9928817706595484 13
1765682046522 0.9928817706595484 14
1765682046532 0.9928817706595484 15
1765682046541 0.9928817706595484 16
1765682046549 0.9928817706595484 17
1765682046760 0.9928817706595484 18
1765682046769 0.9928817706595484 19
