1765682045645 0.9727934692092398 0
1765682045652 0.986511764289542 1
1765682045661 0.9726420752736541 2
1765682045668 0.9589303775683703 3
1765682045809 0.9792267014489237 4
1765682045818 0.986511764289542 5
1765682045825 0.9928817706595484 6
1765682045832 0.986511764289542 7
1765682045840 0.9928817706595484 8
1765682046102 0.9792267014489237 9
1765682046191 0.9652593396384246 10
1765682046200 0.9928817706595484 11
1765682046208 0.9928817706595484 12
1765682046217 0.9928817706595484 13
1765682046523 0.9727934692092398 14
1765682046533 0.1909643700688477 15
1765682046541 0.9928817706595484 16
1765682046550 0.9928817706595484 17
1765682046761 0.9722355833466945 18
1765682046770 0.9928817706595484 19
