1765679884550 0.8932874234409706 0
1765679885308 0.8932874234409706 1
1765679887511 0.907634193460197 2
1765679888269 0.907634193460197 3
1765679889622 0.907634193460197 4
1765679891941 0.907634193460197 5
1765679892700 0.907634193460197 6
1765679893525 0.907634193460197 7
1765679894284 0.907634193460197 8
1765679896914 0.907634193460197 9
1765679899225 0.9080445847536577 10
1765679901575 0.9080445847536577 11
1765679904126 0.9080445847536577 12
1765679906259 0.9080445847536577 13
1765679907760 0.9080445847536577 14
1765679910121 0.9118840715297797 15
1765679911974 0.9118840715297797 16
1765679913632 0.9118840715297797 17
1765679915501 0.9118840715297797 18
1765679917137 0.9118840715297797 19
