1765679884551 0.8932874234409706 0
1765679885310 0.8932874234409706 1
1765679887512 0.907634193460197 2
1765679888270 0.8932874234409706 3
1765679889623 0.8688839269722403 4
1765679891942 0.8359705805254315 5
1765679892701 0.8950054215821085 6
1765679893526 0.8971313990921644 7
1765679894285 0.8932874234409706 8
1765679896915 0.9049959429867566 9
1765679899225 0.9080445847536577 10
1765679901576 0.907636422646893 11
1765679904127 0.9070890423216115 12
1765679906260 0.9071660398850491 13
1765679907761 0.9059110059884129 14
1765679910122 0.9118840715297797 15
1765679911975 0.9086945470742064 16
1765679913633 0.9048231071562075 17
1765679915502 0.9073641207540396 18
1765679917138 0.905184377689256 19
