1765679395777 0.8428694238967491 0
1765679397897 0.9076725013092949 1
1765679399176 0.9076725013092949 2
1765679400520 0.9076725013092949 3
1765679402942 0.9101822038080712 4
1765679404140 0.9101822038080712 5
1765679405096 0.9101822038080712 6
1765679406247 0.9101822038080712 7
1765679408287 0.9110007459751577 8
1765679411509 0.9110007459751577 9
1765679414364 0.9110007459751577 10
1765679417107 0.9110007459751577 11
1765679419620 0.9110007459751577 12
1765679421755 0.9110007459751577 13
1765679424446 0.9110007459751577 14
1765679426545 0.9110007459751577 15
1765679428939 0.9110007459751577 16
1765679430743 0.9110007459751577 17
1765679433892 0.9110007459751577 18
1765679436072 0.9117694912852022 19
1765679437500 0.9117694912852022 20
1765679439655 0.9121947047319355 21
1765679441775 0.9121947047319355 22
1765679443612 0.9121947047319355 23
1765679446110 0.9121947047319355 24
1765679448215 0.9121947047319355 25
1765679451637 0.9121947047319355 26
1765679453819 0.9121947047319355 27
1765679455549 0.9121947047319355 28
1765679457417 0.9121947047319355 29
1765679459010 0.9121947047319355 30
1765679461133 0.9121947047319355 31
1765679463299 0.9121947047319355 32
1765679465597 0.9121947047319355 33
1765679468861 0.9121947047319355 34
1765679471439 0.9121947047319355 35
1765679473692 0.9121947047319355 36
1765679476165 0.9121947047319355 37
1765679478358 0.9121947047319355 38
1765679480423 0.9121947047319355 39
1765679482356 0.9121947047319355 40
1765679484557 0.9121947047319355 41
1765679486855 0.9121947047319355 42
1765679489179 0.9121947047319355 43
1765679491647 0.9121947047319355 44
1765679494335 0.9121947047319355 45
1765679496766 0.9121947047319355 46
1765679500242 0.9121947047319355 47
1765679500928 0.9121947047319355 48
