1765679395778 0.8428694238967491 0
1765679397898 0.9076725013092949 1
1765679399177 0.8966838241788607 2
1765679400520 0.9057739957687786 3
1765679402942 0.9101822038080712 4
1765679404140 0.8742487966832987 5
1765679405097 0.9066267266653963 6
1765679406247 0.9083763404051316 7
1765679408288 0.9110007459751577 8
1765679411510 0.9086172561534217 9
1765679414364 0.9082187054094405 10
1765679417107 0.9096532244649541 11
1765679419621 0.9096810180104414 12
1765679421756 0.9080778960530607 13
1765679424447 0.9045017217026037 14
1765679426546 0.9092937870086918 15
1765679428939 0.9105016967197012 16
1765679430744 0.8996910169694109 17
1765679433893 0.90839984505423 18
1765679436073 0.9117694912852022 19
1765679437500 0.9083563778398082 20
1765679439657 0.9121947047319355 21
1765679441776 0.9109099493808003 22
1765679443613 0.9078826640044522 23
1765679446111 0.910513534799564 24
1765679448215 0.9113524009527051 25
1765679451637 0.9091353459426109 26
1765679453819 0.9113378461572701 27
1765679455550 0.9075064159417674 28
1765679457418 0.9083149535667259 29
1765679459011 0.9092045408067085 30
1765679461134 0.9109099493808003 31
1765679463300 0.9113378461572701 32
1765679465598 0.9113606264240829 33
1765679468862 0.9090749646433293 34
1765679471440 0.9105788270954941 35
1765679473692 0.9096915484724929 36
1765679476166 0.9106133460892574 37
1765679478359 0.9075938131517698 38
1765679480425 0.9100734212306895 39
1765679482357 0.9079552144204871 40
1765679484558 0.9100966192035737 41
1765679486855 0.9118336218133258 42
1765679489179 0.9105010828860411 43
1765679491648 0.9105759512437137 44
1765679494335 0.9109783721215888 45
1765679496767 0.911369116601214 46
1765679500243 0.9086543386961599 47
1765679500929 0.8419357469346161 48
