1765679843743 0.8061752412186317 0
1765679844875 0.9094276820304487 1
1765679845680 0.9094276820304487 2
1765679848897 0.9094276820304487 3
1765679850688 0.9094276820304487 4
1765679852257 0.9094276820304487 5
1765679855503 0.9094276820304487 6
1765679856259 0.9094276820304487 7
1765679857019 0.9094276820304487 8
1765679858561 0.9094276820304487 9
1765679859242 0.9094276820304487 10
1765679862913 0.9094276820304487 11
1765679866402 0.9094276820304487 12
1765679869214 0.9094276820304487 13
1765679871996 0.9094276820304487 14
1765679873657 0.9094276820304487 15
1765679876287 0.9094276820304487 16
1765679877833 0.9094276820304487 17
1765679880489 0.9094276820304487 18
1765679881527 0.9094276820304487 19
