1765679843744 0.8061752412186317 0
1765679844876 0.9094276820304487 1
1765679845681 0.9038099990009186 2
1765679848897 0.020224719101123594 3
1765679850689 0.9051915178583934 4
1765679852258 0.9004831128277097 5
1765679855504 0.9079054301075663 6
1765679856260 0.8932874234409706 7
1765679857020 0.8932874234409706 8
1765679858561 0.9042659315249489 9
1765679859243 0.8423011471102791 10
1765679862914 0.9070974840233156 11
1765679866403 0.908827766059305 12
1765679869215 0.9093264245524256 13
1765679871997 0.9088492539175511 14
1765679873658 0.9031237513293279 15
1765679876288 0.8967621049894237 16
1765679877834 0.9041575921147675 17
1765679880489 0.9065580432607933 18
1765679881527 0.8832065697029171 19
