1765682096344 0.9740347583678154 0
1765682096769 0.9740347583678154 1
1765682096781 0.9740347583678154 2
1765682096793 0.9740347583678154 3
1765682097165 0.9740347583678154 4
1765682097418 0.9740347583678154 5
1765682097792 0.9740347583678154 6
1765682098127 0.9740347583678154 7
1765682098336 0.9740347583678154 8
1765682098349 0.9740347583678154 9
1765682098363 0.9740347583678154 10
1765682098374 0.9740347583678154 11
1765682098385 0.9762554812669211 12
1765682098397 0.9762554812669211 13
1765682098408 0.9762554812669211 14
1765682098422 0.9762554812669211 15
1765682098433 0.9764906594662687 16
1765682098447 0.9764906594662687 17
1765682098461 0.9764906594662687 18
1765682098472 0.9764906594662687 19
