1765682096344 0.9740347583678154 0
1765682096770 0.9574902537097761 1
1765682096782 0.948411120035629 2
1765682096794 0.9671269914821291 3
1765682097166 0.9504905373691139 4
1765682097419 0.9529989293191222 5
1765682097793 0.9574902537097761 6
1765682098128 0.9574902537097761 7
1765682098336 0.9599289025455192 8
1765682098350 0.9418306972541126 9
1765682098364 0.9739557467086883 10
1765682098375 0.9716427168696543 11
1765682098386 0.9762554812669211 12
1765682098398 0.9741111196344022 13
1765682098409 0.9716354866195479 14
1765682098422 0.9691346527693628 15
1765682098434 0.9764906594662687 16
1765682098448 0.9694834660726902 17
1765682098462 0.951122820315473 18
1765682098472 0.9715771886326064 19
