1765681919743 0.5518616707906209 0
1765681919868 0.9497007845283708 1
1765681919875 0.9497007845283708 2
1765681919883 0.9497007845283708 3
1765681919995 0.9497007845283708 4
1765681920002 0.9497007845283708 5
1765681920164 0.9497007845283708 6
1765681920331 0.9497007845283708 7
1765681920338 0.9747736625514403 8
1765681920458 0.9747736625514403 9
1765681920466 0.9747736625514403 10
1765681920474 0.9747736625514403 11
1765681920483 0.9747736625514403 12
1765681920491 0.9747736625514403 13
1765681920499 0.9747736625514403 14
1765681920507 0.9747736625514403 15
1765681920515 0.9747736625514403 16
1765681920524 0.9747736625514403 17
1765681920532 0.9747736625514403 18
1765681920540 0.9747736625514403 19
