1765681919744 0.5518616707906209 0
1765681919869 0.9497007845283708 1
1765681919876 0.8899403956907465 2
1765681919883 0.882016132016132 3
1765681919996 0.9497007845283708 4
1765681920003 0.9154830546836158 5
1765681920164 0.9497007845283708 6
1765681920331 0.9497007845283708 7
1765681920339 0.9747736625514403 8
1765681920459 0.9497007845283708 9
1765681920467 0.9666127430112104 10
1765681920475 0.9666127430112104 11
1765681920483 0.9579766465973364 12
1765681920491 0.9498371998371998 13
1765681920499 0.9494708994708995 14
1765681920508 0.9498371998371998 15
1765681920516 0.9412629487725273 16
1765681920524 0.5208066509380967 17
1765681920533 0.9241191510974899 18
1765681920541 0.9497461939224392 19
