1765679553825 0.8932874234409706 0
1765679557221 0.9059029502863948 1
1765679559004 0.9059029502863948 2
1765679560786 0.9059029502863948 3
1765679562719 0.9059029502863948 4
1765679564196 0.9059029502863948 5
1765679566834 0.9059029502863948 6
1765679568955 0.9059029502863948 7
1765679570233 0.9059029502863948 8
1765679571076 0.9059029502863948 9
1765679574762 0.9067404330628541 10
1765679578466 0.9067404330628541 11
1765679582169 0.9067404330628541 12
1765679585197 0.9067404330628541 13
1765679588836 0.9067876190504066 14
1765679590787 0.9112569063977428 15
1765679591981 0.9112569063977428 16
1765679593069 0.9112569063977428 17
1765679596274 0.9112569063977428 18
1765679597403 0.9112569063977428 19
