1765679553826 0.8932874234409706 0
1765679557221 0.9059029502863948 1
1765679559005 0.9051915178583934 2
1765679560787 0.905619266863224 3
1765679562720 0.8961246582604745 4
1765679564197 0.9034128517045673 5
1765679566835 0.9052928452296248 6
1765679568955 0.9011915010163 7
1765679570234 0.8994031843514212 8
1765679571077 0.9040631179522132 9
1765679574763 0.9067404330628541 10
1765679578466 0.9066991984810389 11
1765679582170 0.90668138177981 12
1765679585198 0.9065752196570124 13
1765679588837 0.9067876190504066 14
1765679590787 0.9112569063977428 15
1765679591982 0.9069630384105424 16
1765679593069 0.9069059096868256 17
1765679596275 0.020224719101123594 18
1765679597404 0.9069131941771492 19
