1765682039643 0.986511764289542 0
1765682039934 0.986511764289542 1
1765682039942 0.9928817706595484 2
1765682039950 0.9928817706595484 3
1765682040204 0.9928817706595484 4
1765682040374 0.9928817706595484 5
1765682040595 0.9928817706595484 6
1765682040776 0.9928817706595484 7
1765682040888 0.9928817706595484 8
1765682040896 0.9928817706595484 9
1765682040905 0.9928817706595484 10
1765682040914 0.9928817706595484 11
1765682040923 0.9928817706595484 12
1765682040932 0.9928817706595484 13
1765682040941 0.9928817706595484 14
1765682040950 0.9928817706595484 15
1765682040960 0.9928817706595484 16
1765682040968 0.9928817706595484 17
1765682040978 0.9928817706595484 18
1765682040987 0.9928817706595484 19
