1765682039644 0.986511764289542 0
1765682039935 0.9792267014489237 1
1765682039943 0.9928817706595484 2
1765682039950 0.9928817706595484 3
1765682040205 0.9792267014489237 4
1765682040376 0.9792267014489237 5
1765682040596 0.9792267014489237 6
1765682040777 0.9792267014489237 7
1765682040889 0.9792267014489237 8
1765682040897 0.9453307004986592 9
1765682040906 0.9928817706595484 10
1765682040915 0.9928817706595484 11
1765682040923 0.9928817706595484 12
1765682040933 0.9928817706595484 13
1765682040942 0.948959558959559 14
1765682040951 0.9928817706595484 15
1765682040961 0.9726420752736541 16
1765682040969 0.986511764289542 17
1765682040979 0.1909643700688477 18
1765682040988 0.9928817706595484 19
