1765679688291 0.28594851471661326 0
1765679689063 0.8687555164488027 1
1765679689823 0.8949774697475075 2
1765679690584 0.8958164745099942 3
1765679691577 0.9062815242120575 4
1765679692338 0.9062815242120575 5
1765679693479 0.9062815242120575 6
1765679695539 0.9062815242120575 7
1765679696298 0.9062815242120575 8
1765679697785 0.9062815242120575 9
1765679700298 0.9070180823357138 10
1765679702834 0.9082769141898123 11
1765679705413 0.9082769141898123 12
1765679708068 0.9082769141898123 13
1765679710181 0.9082769141898123 14
1765679712316 0.9082769141898123 15
1765679715364 0.9082769141898123 16
1765679717722 0.9082769141898123 17
1765679719679 0.9082769141898123 18
1765679722233 0.9082769141898123 19
