1765679688294 0.28594851471661326 0
1765679689064 0.8687555164488027 1
1765679689825 0.8949774697475075 2
1765679690584 0.8958164745099942 3
1765679691578 0.9062815242120575 4
1765679692339 0.8932874234409706 5
1765679693480 0.8819103189455483 6
1765679695540 0.9012461095918308 7
1765679696299 0.8932874234409706 8
1765679697786 0.9020573943719734 9
1765679700299 0.9070180823357138 10
1765679702835 0.9082769141898123 11
1765679705414 0.9082350260720565 12
1765679708069 0.9078022636544857 13
1765679710182 0.9080504466620352 14
1765679712317 0.9080786413980473 15
1765679715365 0.9067253513347775 16
1765679717723 0.906795788408469 17
1765679719680 0.9058865818473748 18
1765679722233 0.9024616063032238 19
