1765682101930 0.8786893810036046 0
1765682102108 0.950392533831412 1
1765682102118 0.9715771886326064 2
1765682102128 0.9715771886326064 3
1765682102293 0.9715771886326064 4
1765682102305 0.9715771886326064 5
1765682102540 0.9715771886326064 6
1765682102793 0.9715771886326064 7
1765682102803 0.9716354866195479 8
1765682102990 0.9716354866195479 9
1765682103004 0.9716354866195479 10
1765682103014 0.9716354866195479 11
1765682103028 0.9716354866195479 12
1765682103038 0.9762554812669211 13
1765682103048 0.9762554812669211 14
1765682103059 0.9764906594662687 15
1765682103072 0.9764906594662687 16
1765682103083 0.9764906594662687 17
1765682103094 0.9764906594662687 18
1765682103107 0.9764906594662687 19
