1765682101931 0.8786893810036046 0
1765682102109 0.950392533831412 1
1765682102119 0.9715771886326064 2
1765682102129 0.9691346527693628 3
1765682102293 0.9480809258688975 4
1765682102306 0.951122820315473 5
1765682102541 0.9505870612095452 6
1765682102794 0.9531316804837394 7
1765682102803 0.9716354866195479 8
1765682102991 0.9530257100452881 9
1765682103004 0.9694916475220654 10
1765682103015 0.9692862422790931 11
1765682103028 0.9418306972541126 12
1765682103039 0.9762554812669211 13
1765682103049 0.9692137545846503 14
1765682103060 0.9764906594662687 15
1765682103073 0.9623962409973464 16
1765682103083 0.969332849616675 17
1765682103095 0.9674631941894978 18
1765682103107 0.9482733266815148 19
