1765682048221 0.9726420752736541 0
1765682048319 0.9726420752736541 1
1765682048413 0.9726420752736541 2
1765682048422 0.9726420752736541 3
1765682048429 0.9928817706595484 4
1765682048611 0.9928817706595484 5
1765682048884 0.9928817706595484 6
1765682048892 0.9928817706595484 7
1765682048899 0.9928817706595484 8
1765682049073 0.9928817706595484 9
1765682049082 0.9928817706595484 10
1765682049091 0.9928817706595484 11
1765682049100 0.9928817706595484 12
1765682049108 0.9928817706595484 13
1765682049116 0.9928817706595484 14
1765682049125 0.9928817706595484 15
1765682049133 0.9928817706595484 16
1765682049142 0.9928817706595484 17
1765682049151 0.9928817706595484 18
1765682049159 0.9928817706595484 19
