1765682048222 0.9726420752736541 0
1765682048320 0.9575157352935131 1
1765682048414 0.9588278410500632 2
1765682048422 0.1909643700688477 3
1765682048430 0.9928817706595484 4
1765682048612 0.9658023511070106 5
1765682048885 0.9722355833466945 6
1765682048892 0.9857635413190969 7
1765682048899 0.986511764289542 8
1765682049074 0.9658023511070106 9
1765682049083 0.9928817706595484 10
1765682049092 0.9928817706595484 11
1765682049100 0.9928817706595484 12
1765682049108 0.9928817706595484 13
1765682049117 0.9928817706595484 14
1765682049125 0.9928817706595484 15
1765682049134 0.986511764289542 16
1765682049143 0.9928817706595484 17
1765682049151 0.9864485384198646 18
1765682049159 0.986511764289542 19
