1765682047052 0.9792267014489237 0
1765682047210 0.9792267014489237 1
1765682047218 0.986511764289542 2
1765682047226 0.9928817706595484 3
1765682047472 0.9928817706595484 4
1765682047720 0.9928817706595484 5
1765682047727 0.9928817706595484 6
1765682047735 0.9928817706595484 7
1765682047980 0.9928817706595484 8
1765682048105 0.9928817706595484 9
1765682048115 0.9928817706595484 10
1765682048124 0.9928817706595484 11
1765682048133 0.9928817706595484 12
1765682048144 0.9928817706595484 13
1765682048153 0.9928817706595484 14
1765682048163 0.9928817706595484 15
1765682048173 0.9928817706595484 16
1765682048181 0.9928817706595484 17
1765682048190 0.9928817706595484 18
1765682048199 0.9928817706595484 19
