1765682047053 0.9792267014489237 0
1765682047211 0.9727934692092398 1
1765682047219 0.986511764289542 2
1765682047226 0.9928817706595484 3
1765682047472 0.9792267014489237 4
1765682047721 0.9792267014489237 5
1765682047728 0.986511764289542 6
1765682047736 0.9928817706595484 7
1765682047981 0.9792267014489237 8
1765682048106 0.9727934692092398 9
1765682048116 0.1909643700688477 10
1765682048124 0.9928817706595484 11
1765682048133 0.9799188076965856 12
1765682048144 0.9864485384198646 13
1765682048154 0.9928817706595484 14
1765682048164 0.5670950859839748 15
1765682048173 0.9928817706595484 16
1765682048182 0.986511764289542 17
1765682048191 0.1909643700688477 18
1765682048200 0.9928817706595484 19
