1765681918938 0.9497007845283708 0
1765681918946 0.9497007845283708 1
1765681919135 0.9497007845283708 2
1765681919143 0.9497007845283708 3
1765681919248 0.9497007845283708 4
1765681919256 0.9497007845283708 5
1765681919263 0.9580902636458193 6
1765681919270 0.9580902636458193 7
1765681919278 0.9580902636458193 8
1765681919285 0.9580902636458193 9
1765681919572 0.9580902636458193 10
1765681919581 0.9580902636458193 11
1765681919588 0.9580902636458193 12
1765681919597 0.9580902636458193 13
1765681919605 0.9580902636458193 14
1765681919613 0.9580902636458193 15
1765681919621 0.9747736625514403 16
1765681919629 0.9747736625514403 17
1765681919714 0.9747736625514403 18
1765681919722 0.9747736625514403 19
