1765681918939 0.9497007845283708 0
1765681918947 0.6416787439613526 1
1765681919136 0.9497007845283708 2
1765681919143 0.5175939262146159 3
1765681919249 0.9497007845283708 4
1765681919256 0.9414931301138197 5
1765681919264 0.9580902636458193 6
1765681919271 0.9494934014474244 7
1765681919278 0.8991854072963519 8
1765681919285 0.9498371998371998 9
1765681919573 0.9497007845283708 10
1765681919581 0.9498479440241893 11
1765681919589 0.9494708994708995 12
1765681919597 0.9412629487725273 13
1765681919605 0.882016132016132 14
1765681919614 0.9580783966990865 15
1765681919622 0.9747736625514403 16
1765681919630 0.9747736625514403 17
1765681919714 0.9497007845283708 18
1765681919723 0.9580783966990865 19
