1765682103551 0.9530442398122915 0
1765682103751 0.9552654237826447 1
1765682103762 0.9616582694447983 2
1765682104184 0.9616582694447983 3
1765682104325 0.9616582694447983 4
1765682104338 0.9616582694447983 5
1765682104347 0.9693452621639933 6
1765682104675 0.9693452621639933 7
1765682104698 0.9693452621639933 8
1765682105015 0.9693452621639933 9
1765682105026 0.9764906594662687 10
1765682105036 0.9764906594662687 11
1765682105047 0.9764906594662687 12
1765682105058 0.9764906594662687 13
1765682105071 0.9764906594662687 14
1765682105081 0.9764906594662687 15
1765682105096 0.9764906594662687 16
1765682105111 0.9764906594662687 17
1765682105126 0.9764906594662687 18
1765682105138 0.9764906594662687 19
