1765682103552 0.9530442398122915 0
1765682103752 0.9552654237826447 1
1765682103763 0.9616582694447983 2
1765682104185 0.9530442398122915 3
1765682104326 0.9577421650284345 4
1765682104338 0.951122820315473 5
1765682104348 0.9693452621639933 6
1765682104676 0.9529738141846188 7
1765682104699 0.5494326043494748 8
1765682105016 0.9577975925873345 9
1765682105026 0.9764906594662687 10
1765682105037 0.9764906594662687 11
1765682105048 0.9764906594662687 12
1765682105059 0.9764906594662687 13
1765682105072 0.9694916475220654 14
1765682105082 0.9739557467086883 15
1765682105096 0.951122820315473 16
1765682105111 0.9719101582793067 17
1765682105127 0.9265776728502413 18
1765682105138 0.9580964770562291 19
