1765678920629 0.8987973683143973 0
1765678921760 0.8987973683143973 1
1765678923785 0.8993365436793974 2
1765678925274 0.900073357308373 3
1765678927370 0.900073357308373 4
1765678930512 0.9032842159156133 5
1765678932954 0.9032842159156133 6
1765678934348 0.9032842159156133 7
1765678936958 0.9032842159156133 8
1765678939818 0.9032842159156133 9
1765678941809 0.9032842159156133 10
1765678944600 0.9045525838819265 11
1765678947492 0.9045525838819265 12
1765678950082 0.9045525838819265 13
1765678951846 0.9045525838819265 14
1765678954342 0.9045525838819265 15
1765678956999 0.9045525838819265 16
1765678958716 0.9045525838819265 17
1765678961083 0.9045525838819265 18
1765678962573 0.9045525838819265 19
1765678963531 0.9045525838819265 20
1765678966165 0.9045525838819265 21
1765678968882 0.9045525838819265 22
1765678971643 0.9045525838819265 23
1765678973909 0.9045525838819265 24
1765678976972 0.9045525838819265 25
1765678979500 0.9045525838819265 26
1765678982251 0.9045525838819265 27
1765678984523 0.9045525838819265 28
1765678986549 0.9045525838819265 29
1765678989642 0.9045525838819265 30
1765678992250 0.90575197835004 31
1765678994655 0.90575197835004 32
1765678997114 0.90575197835004 33
1765678998971 0.90575197835004 34
1765679000782 0.90575197835004 35
1765679002639 0.90575197835004 36
1765679005958 0.90575197835004 37
1765679008954 0.90575197835004 38
1765679010300 0.90575197835004 39
1765679012765 0.90575197835004 40
1765679015445 0.9058472224487999 41
1765679018002 0.907415760063731 42
1765679020486 0.907415760063731 43
1765679023235 0.907415760063731 44
1765679026104 0.907415760063731 45
1765679028056 0.907415760063731 46
1765679029522 0.907415760063731 47
1765679032709 0.907415760063731 48
1765679036437 0.9111862472920104 49
1765679039153 0.9111862472920104 50
1765679042329 0.9111862472920104 51
1765679045683 0.9120111635878229 52
1765679049147 0.9129026647576918 53
1765679052331 0.9129026647576918 54
1765679055713 0.912940972370917 55
1765679058098 0.912940972370917 56
1765679061501 0.912940972370917 57
1765679064155 0.912940972370917 58
1765679067460 0.912940972370917 59
1765679070851 0.912940972370917 60
1765679074326 0.912940972370917 61
1765679077855 0.912940972370917 62
1765679081371 0.9132820141294761 63
1765679084922 0.9132820141294761 64
1765679088321 0.9132820141294761 65
1765679091782 0.9132820141294761 66
1765679094338 0.9132820141294761 67
1765679097371 0.9132820141294761 68
1765679100924 0.9132820141294761 69
1765679104185 0.9132820141294761 70
1765679107503 0.9132820141294761 71
1765679110966 0.9132820141294761 72
1765679113915 0.9132820141294761 73
1765679117464 0.9132820141294761 74
1765679120741 0.9132820141294761 75
1765679123422 0.9132820141294761 76
1765679126258 0.9132820141294761 77
1765679129606 0.9132820141294761 78
1765679132920 0.9132820141294761 79
1765679135376 0.9132820141294761 80
1765679138672 0.9132820141294761 81
1765679142061 0.9132820141294761 82
1765679145516 0.9132820141294761 83
1765679148830 0.9132820141294761 84
1765679152230 0.9132820141294761 85
1765679155738 0.9132820141294761 86
1765679158883 0.9132820141294761 87
1765679161605 0.9132820141294761 88
1765679162751 0.9132820141294761 89
1765679166318 0.9132820141294761 90
1765679169563 0.9132820141294761 91
1765679172990 0.9132820141294761 92
1765679176304 0.9132820141294761 93
1765679179843 0.9132820141294761 94
1765679182983 0.9132820141294761 95
1765679186682 0.9132820141294761 96
1765679189617 0.9132820141294761 97
1765679191811 0.9132820141294761 98
1765679194806 0.9132820141294761 99
1765679198070 0.9132820141294761 100
1765679201372 0.9132820141294761 101
1765679204651 0.9132820141294761 102
1765679208089 0.9132820141294761 103
1765679211549 0.9132820141294761 104
1765679215173 0.9132820141294761 105
1765679218690 0.9132820141294761 106
1765679221880 0.9132820141294761 107
1765679225406 0.9132820141294761 108
1765679228922 0.9132820141294761 109
1765679232492 0.9132820141294761 110
1765679235920 0.9132820141294761 111
1765679239422 0.9132820141294761 112
1765679242725 0.9132820141294761 113
1765679246297 0.9132820141294761 114
1765679249885 0.9132820141294761 115
1765679253558 0.9132820141294761 116
1765679255895 0.9132820141294761 117
1765679259248 0.9132820141294761 118
1765679262796 0.9132820141294761 119
1765679266051 0.9132820141294761 120
1765679269517 0.9132820141294761 121
1765679273017 0.9132820141294761 122
1765679276379 0.9132820141294761 123
1765679279727 0.9132820141294761 124
1765679282987 0.9132820141294761 125
1765679284411 0.9132820141294761 126
1765679287983 0.9132820141294761 127
1765679291585 0.9132820141294761 128
1765679294901 0.9132820141294761 129
1765679298294 0.9132820141294761 130
1765679301776 0.9132820141294761 131
1765679305144 0.9132820141294761 132
1765679308549 0.9132820141294761 133
1765679312055 0.9132820141294761 134
1765679315318 0.9132820141294761 135
1765679318563 0.9132820141294761 136
1765679321780 0.9132820141294761 137
1765679323841 0.9132820141294761 138
1765679327149 0.9132820141294761 139
1765679330190 0.9132820141294761 140
1765679333579 0.9132820141294761 141
1765679336838 0.9132820141294761 142
1765679340270 0.9132820141294761 143
1765679343330 0.9132820141294761 144
1765679346627 0.9132820141294761 145
1765679350052 0.9132820141294761 146
1765679353499 0.9132820141294761 147
1765679356762 0.9132820141294761 148
1765679360007 0.9132820141294761 149
1765679363263 0.9132820141294761 150
1765679366563 0.9132820141294761 151
1765679369703 0.9132820141294761 152
1765679373093 0.9132820141294761 153
1765679376146 0.9132820141294761 154
1765679379501 0.9132820141294761 155
1765679382882 0.9132820141294761 156
1765679386337 0.9132820141294761 157
1765679389398 0.9132820141294761 158
1765679392514 0.9132820141294761 159
