1765678920630 0.8987973683143973 0
1765678921761 0.8838219979089611 1
1765678923785 0.8993365436793974 2
1765678925275 0.900073357308373 3
1765678927370 0.8988243371736863 4
1765678930512 0.9032842159156133 5
1765678932955 0.9020072462748278 6
1765678934349 0.897684881243523 7
1765678936959 0.9010669309835643 8
1765678939819 0.9028958368975667 9
1765678941810 0.9014715685822002 10
1765678944600 0.9045525838819265 11
1765678947493 0.9041472999750244 12
1765678950083 0.9044451844347693 13
1765678951846 0.9015518723379201 14
1765678954343 0.8985720385916318 15
1765678957000 0.9045471225254881 16
1765678958717 0.8989298908874667 17
1765678961084 0.9023956202515594 18
1765678962576 0.8402704050372645 19
1765678963532 0.8944967872494138 20
1765678966166 0.9041314104926609 21
1765678968883 0.9045205317272051 22
1765678971644 0.9042081303535344 23
1765678973910 0.9028659126981746 24
1765678976973 0.9015986323664205 25
1765678979501 0.9015089208064273 26
1765678982252 0.9034042111385157 27
1765678984524 0.8996787814790852 28
1765678986550 0.8993365436793974 29
1765678989643 0.9020620104816156 30
1765678992250 0.90575197835004 31
1765678994656 0.9015556009521299 32
1765678997116 0.9008937053785004 33
1765678998972 0.8456097413659619 34
1765679000783 0.8820329993253463 35
1765679002640 0.9044382742668752 36
1765679005959 0.9016937506370742 37
1765679008955 0.9015929642361837 38
1765679010300 0.9004041288011266 39
1765679012766 0.9020021055588888 40
1765679015446 0.9058472224487999 41
1765679018003 0.907415760063731 42
1765679020487 0.9073049431556783 43
1765679023236 0.9051724476724586 44
1765679026106 0.9047889310572979 45
1765679028057 0.8861391154519582 46
1765679029523 0.903027863199308 47
1765679032710 0.9071388903054731 48
1765679036437 0.9111862472920104 49
1765679039154 0.8738003070400504 50
1765679042330 0.9055019581371399 51
1765679045684 0.9120111635878229 52
1765679049148 0.9129026647576918 53
1765679052332 0.9002741259667134 54
1765679055714 0.912940972370917 55
1765679058099 0.9043820569865639 56
1765679061502 0.9032724215229155 57
1765679064157 0.8727930109937385 58
1765679067461 0.912379657978756 59
1765679070852 0.9044617627023889 60
1765679074327 0.9129339480389955 61
1765679077856 0.9127975781127046 62
1765679081372 0.9132820141294761 63
1765679084923 0.9119782798656614 64
1765679088322 0.9054030344171444 65
1765679091783 0.9124865585439944 66
1765679094339 0.905175316115523 67
1765679097372 0.901609918100403 68
1765679100924 0.9053857241582927 69
1765679104186 0.9024741865413056 70
1765679107503 0.9123746130029663 71
1765679110967 0.9124865585439944 72
1765679113916 0.8891891108373274 73
1765679117465 0.9119782798656614 74
1765679120742 0.9049634362459323 75
1765679123423 0.8736544108967926 76
1765679126259 0.9016943543685331 77
1765679129607 0.9021569081450735 78
1765679132920 0.9017073473283695 79
1765679135377 0.9018725556987905 80
1765679138673 0.912379657978756 81
1765679142061 0.912940972370917 82
1765679145518 0.9071389303216337 83
1765679148830 0.9002671035730505 84
1765679152231 0.9076201253468584 85
1765679155739 0.9013084061805506 86
1765679158884 0.9072267650737705 87
1765679161605 0.8906202887738875 88
1765679162752 0.8980113755192872 89
1765679166318 0.9037339709318543 90
1765679169564 0.9132451894006977 91
1765679172991 0.9120590694487877 92
1765679176305 0.9075821110618197 93
1765679179844 0.9059100508257231 94
1765679182983 0.899426173235736 95
1765679186682 0.9058807361163012 96
1765679189617 0.9039259469439135 97
1765679191812 0.906198920061486 98
1765679194808 0.8900846505110106 99
1765679198070 0.9007494129822088 100
1765679201372 0.912379657978756 101
1765679204652 0.9080771587433777 102
1765679208090 0.9129026647576918 103
1765679211549 0.9124865585439944 104
1765679215174 0.9111411398790491 105
1765679218691 0.9044612763693601 106
1765679221881 0.9002741259667134 107
1765679225407 0.9017757216397303 108
1765679228923 0.9132820141294761 109
1765679232492 0.9037468341548163 110
1765679235921 0.9088933579758575 111
1765679239423 0.9129339480389955 112
1765679242726 0.900373250261044 113
1765679246298 0.9037468341548163 114
1765679249885 0.9116246619451998 115
1765679253559 0.9111862472920104 116
1765679255896 0.9101513342401261 117
1765679259249 0.9003673622596683 118
1765679262797 0.9119782798656614 119
1765679266052 0.9024147219772365 120
1765679269518 0.9124865585439944 121
1765679273017 0.909728604640744 122
1765679276379 0.9120111635878229 123
1765679279728 0.9003673622596683 124
1765679282988 0.907655035556441 125
1765679284412 0.897760417328095 126
1765679287984 0.9058775161984703 127
1765679291586 0.9045109765301729 128
1765679294901 0.9123746130029663 129
1765679298295 0.9013495760274352 130
1765679301776 0.9124865585439944 131
1765679305145 0.9132060267801819 132
1765679308550 0.9076201253468584 133
1765679312056 0.9013084061805506 134
1765679315319 0.9128442649879126 135
1765679318564 0.9132451894006977 136
1765679321781 0.9046552652998399 137
1765679323842 0.8962157231307364 138
1765679327150 0.9075821110618197 139
1765679330191 0.9123074945900074 140
1765679333580 0.912940972370917 141
1765679336839 0.9007494129822088 142
1765679340271 0.9088933579758575 143
1765679343331 0.9034249290210686 144
1765679346627 0.912379657978756 145
1765679350052 0.9088933579758575 146
1765679353500 0.9016154630323826 147
1765679356763 0.9128442649879126 148
1765679360008 0.9127813705211903 149
1765679363263 0.9063506204448263 150
1765679366564 0.9132451894006977 151
1765679369704 0.9043074247947116 152
1765679373093 0.9120111635878229 153
1765679376148 0.901609918100403 154
1765679379501 0.9049666100003337 155
1765679382883 0.9003673622596683 156
1765679386338 0.9120111635878229 157
1765679389399 0.9076123905846908 158
1765679392515 0.9118629833795694 159
