1765682105166 0.9644257826666837 0
1765682105176 0.9692862422790931 1
1765682105193 0.9692862422790931 2
1765682105203 0.9715771886326064 3
1765682105407 0.9715771886326064 4
1765682105420 0.9715771886326064 5
1765682105432 0.9715771886326064 6
1765682105441 0.9764906594662687 7
1765682105453 0.9764906594662687 8
1765682105830 0.9764906594662687 9
1765682105953 0.9764906594662687 10
1765682105967 0.9764906594662687 11
1765682105977 0.9764906594662687 12
1765682105988 0.9764906594662687 13
1765682106433 0.9764906594662687 14
1765682106444 0.9764906594662687 15
1765682106454 0.9764906594662687 16
1765682106466 0.9764906594662687 17
1765682106766 0.9764906594662687 18
1765682106779 0.9764906594662687 19
