1765682105167 0.9644257826666837 0
1765682105177 0.9692862422790931 1
1765682105194 0.9380325770450201 2
1765682105204 0.9715771886326064 3
1765682105407 0.9577040726183875 4
1765682105420 0.951122820315473 5
1765682105432 0.9671269914821291 6
1765682105442 0.9764906594662687 7
1765682105454 0.948411120035629 8
1765682105831 0.9553231647509491 9
1765682105954 0.9531313568496694 10
1765682105967 0.9418306972541126 11
1765682105978 0.9762101017596715 12
1765682105988 0.9742063687623578 13
1765682106434 0.9600229475650569 14
1765682106444 0.9716354866195479 15
1765682106455 0.973969500923479 16
1765682106466 0.9764906594662687 17
1765682106767 0.9553231647509491 18
1765682106780 0.9694916475220654 19
